LR_fix

122
207
363
487
638
741
826
963
1178
1293
1368
1474
1565
1658
1738
1859
1923
2062
2170
2355
2521
2669
2801
2891
2981
3126
3221
3298
3493
3658
3787
3884
4008
4081
4273
4368
4458
4525
4677
4781
4897
4977
5066
5143
5245
5421
5530
5677
5850
5949
6043
6169
6320
6444
6579
6674
6794
6895
7089
7217
7289
7375
7486
7577
7665
7752
7824

LR_move

121
249
316
392
508
580
694
775
909
1053
1130
1245
1318
1415
1533
1613
1723
1882
2011
2113
2244
2392
2482
2599
2682
2818
2986
3175
3265
3343
3413
3556
3631
3761
3909
4003
4108
4226
4365
4444
4661
4788
4884
5055
5165
5281
5420
5526
5686
5772
6003
6144
6284
6381
6541
6677
6759
6839
7018
7145
7259
7354
7425
7532
7604
7684
7777
7868
7987
8111
